2018-02-23 14:33:30.135790,list index out of range,,
2018-02-23 14:33:30.135888,list index out of range,,
2018-02-23 14:33:30.135933,list index out of range,,
2018-02-23 14:33:30.135982,list index out of range,,
2018-02-23 14:33:30.136016,list index out of range,,
2018-02-23 14:33:30.136051,list index out of range,,
2018-02-23 14:33:30.136085,list index out of range,,
2018-02-23 14:33:30.136119,list index out of range,,
2018-02-23 14:33:30.136152,list index out of range,,
2018-02-23 14:33:30.136186,list index out of range,,
2018-02-23 14:33:30.136219,list index out of range,,
2018-02-23 14:33:30.136252,list index out of range,,
2018-02-23 14:33:30.136285,list index out of range,,
2018-02-23 14:33:30.136319,list index out of range,,
2018-02-23 14:33:30.136352,list index out of range,,
2018-02-23 14:33:30.136385,list index out of range,,
2018-02-23 14:33:30.136418,list index out of range,,
2018-02-23 14:33:30.136585,list index out of range,,
2018-02-23 14:33:30.136658,list index out of range,,
2018-02-23 14:33:30.136692,list index out of range,,
2018-02-23 14:33:30.136726,list index out of range,,
2018-02-23 14:33:30.136759,list index out of range,,
2018-02-23 14:33:30.136792,list index out of range,,
2018-02-23 14:33:30.136826,list index out of range,,
2018-02-23 14:33:30.136859,list index out of range,,
2018-02-23 14:33:30.136892,list index out of range,,
2018-02-23 14:33:30.136925,list index out of range,,
2018-02-23 14:33:30.136958,list index out of range,,
2018-02-23 14:33:30.136991,list index out of range,,
2018-02-23 14:33:30.137026,list index out of range,,
2018-02-23 14:33:30.137059,list index out of range,,
2018-02-23 14:33:30.137092,list index out of range,,
2018-02-23 14:33:30.137125,list index out of range,,
2018-02-23 14:33:30.137158,list index out of range,,
2018-02-23 14:33:30.137192,list index out of range,,
2018-02-23 14:33:30.137225,list index out of range,,
2018-02-23 14:33:30.137259,list index out of range,,
2018-02-23 14:33:30.137292,list index out of range,,
2018-02-23 14:33:30.137325,list index out of range,,
2018-02-23 14:33:30.137358,list index out of range,,
2018-02-23 14:33:30.137391,list index out of range,,
2018-02-23 14:33:30.137425,list index out of range,,
2018-02-23 14:33:30.137517,list index out of range,,
2018-02-23 14:33:30.137569,list index out of range,,
2018-02-23 14:33:30.137602,list index out of range,,
2018-02-23 14:33:30.137635,list index out of range,,
2018-02-23 14:33:30.137668,list index out of range,,
2018-02-23 14:33:30.137701,list index out of range,,
2018-02-23 14:33:30.137735,list index out of range,,
2018-02-23 14:33:30.137768,list index out of range,,
2018-02-23 14:33:30.137802,list index out of range,,
2018-02-23 14:33:30.137835,list index out of range,,
2018-02-23 14:33:30.137871,list index out of range,,
2018-02-23 14:33:30.137936,list index out of range,,
2018-02-23 14:33:30.137988,list index out of range,,
2018-02-23 14:33:30.138039,list index out of range,,
2018-02-23 14:33:30.138164,list index out of range,,
2018-02-23 14:33:30.138244,list index out of range,,
2018-02-23 14:33:30.138289,list index out of range,,
2018-02-23 14:33:30.138373,list index out of range,,
2018-02-23 14:33:30.138424,list index out of range,,
2018-02-23 14:33:30.138512,list index out of range,,
2018-02-23 14:33:30.138568,list index out of range,,
2018-02-23 14:33:30.138601,list index out of range,,
2018-02-23 14:33:30.138635,list index out of range,,
2018-02-23 14:33:30.138668,list index out of range,,
2018-02-23 14:33:30.138701,list index out of range,,
2018-02-23 14:33:30.138734,list index out of range,,
2018-02-23 14:33:30.138767,list index out of range,,
2018-02-23 14:33:30.138800,list index out of range,,
2018-02-23 14:33:30.138834,list index out of range,,
2018-02-23 14:33:30.138866,list index out of range,,
2018-02-23 14:33:30.138900,list index out of range,,
2018-02-23 14:33:30.138933,list index out of range,,
2018-02-23 14:33:30.138966,list index out of range,,
2018-02-23 14:33:30.139000,list index out of range,,
2018-02-23 14:33:30.139033,list index out of range,,
2018-02-23 14:33:30.139066,list index out of range,,
2018-02-23 14:33:30.139160,list index out of range,,
2018-02-23 14:33:30.139197,list index out of range,,
2018-02-23 14:33:30.139231,list index out of range,,
2018-02-23 14:33:30.139265,list index out of range,,
2018-02-23 14:33:30.139298,list index out of range,,
2018-02-23 14:33:30.139332,list index out of range,,
2018-02-23 14:33:30.139365,list index out of range,,
2018-02-23 14:33:30.139399,list index out of range,,
2018-02-23 14:33:30.139432,list index out of range,,
2018-02-23 14:33:30.139641,list index out of range,,
2018-02-23 14:33:30.139753,list index out of range,,
2018-02-23 14:33:30.139848,list index out of range,,
2018-02-23 14:33:30.139943,list index out of range,,
2018-02-23 14:33:30.140036,list index out of range,,
2018-02-23 14:33:30.140129,list index out of range,,
2018-02-23 14:33:30.140222,list index out of range,,
2018-02-23 14:33:30.140315,list index out of range,,
2018-02-23 14:33:30.140408,list index out of range,,
2018-02-23 14:33:30.140620,list index out of range,,
2018-02-23 14:33:30.140760,list index out of range,,
2018-02-23 14:33:30.140856,list index out of range,,
2018-02-23 14:33:30.140949,list index out of range,,
2018-02-23 14:33:30.141041,list index out of range,,
2018-02-23 14:33:30.141134,list index out of range,,
2018-02-23 14:33:30.141226,list index out of range,,
2018-02-23 14:33:30.141320,list index out of range,,
2018-02-23 14:33:30.141413,list index out of range,,
2018-02-23 14:33:30.141557,list index out of range,,
2018-02-23 14:33:30.141670,list index out of range,,
2018-02-23 14:33:30.141764,list index out of range,,
2018-02-23 14:33:30.141856,list index out of range,,
2018-02-23 14:33:30.141949,list index out of range,,
2018-02-23 14:33:30.142041,list index out of range,,
2018-02-23 14:33:30.142134,list index out of range,,
2018-02-23 14:33:30.142225,list index out of range,,
2018-02-23 14:33:30.142318,list index out of range,,
2018-02-23 14:33:30.142411,list index out of range,,
2018-02-23 14:33:30.142575,list index out of range,,
2018-02-23 14:33:30.142699,list index out of range,,
2018-02-23 14:33:30.142792,list index out of range,,
2018-02-23 14:33:30.142885,list index out of range,,
2018-02-23 14:33:30.142978,list index out of range,,
2018-02-23 14:33:30.143069,list index out of range,,
2018-02-23 14:33:30.143162,list index out of range,,
2018-02-23 14:33:30.143254,list index out of range,,
2018-02-23 14:33:30.143347,list index out of range,,
2018-02-23 14:33:30.143438,list index out of range,,
2018-02-23 14:33:30.143589,list index out of range,,
2018-02-23 14:33:30.143692,list index out of range,,
2018-02-23 14:33:30.143786,list index out of range,,
2018-02-23 14:33:30.143878,list index out of range,,
2018-02-23 14:33:30.143970,list index out of range,,
2018-02-23 14:33:30.144063,list index out of range,,
2018-02-23 14:33:30.144155,list index out of range,,
2018-02-23 14:33:30.144246,list index out of range,,
2018-02-23 14:33:30.144337,list index out of range,,
2018-02-23 14:33:30.144429,list index out of range,,
2018-02-23 14:33:30.144633,list index out of range,,
2018-02-23 14:33:30.144753,list index out of range,,
2018-02-23 14:33:30.144847,list index out of range,,
2018-02-23 14:33:30.144938,list index out of range,,
2018-02-23 14:33:30.145030,list index out of range,,
2018-02-23 14:33:30.145122,list index out of range,,
2018-02-23 14:33:30.145215,list index out of range,,
2018-02-23 14:33:30.145309,list index out of range,,
2018-02-23 14:33:30.145404,list index out of range,,
2018-02-23 14:33:30.145542,list index out of range,,
2018-02-23 14:33:30.145664,list index out of range,,
2018-02-23 14:33:30.145757,list index out of range,,
2018-02-23 14:33:30.145850,list index out of range,,
2018-02-23 14:33:30.145942,list index out of range,,
2018-02-23 14:33:30.146035,list index out of range,,
2018-02-23 14:33:30.146127,list index out of range,,
2018-02-23 14:33:30.146220,list index out of range,,
2018-02-23 14:33:30.146312,list index out of range,,
2018-02-23 14:33:30.146405,list index out of range,,
2018-02-23 14:33:30.146543,list index out of range,,
2018-02-23 14:33:30.146683,list index out of range,,
2018-02-23 14:33:30.146886,list index out of range,,
2018-02-23 14:33:30.146999,list index out of range,,
2018-02-23 14:33:30.147094,list index out of range,,
2018-02-23 14:33:30.147186,list index out of range,,
2018-02-23 14:33:30.147279,list index out of range,,
2018-02-23 14:33:30.147372,list index out of range,,
2018-02-23 14:33:30.147463,list index out of range,,
2018-02-23 14:33:30.147809,list index out of range,,
2018-02-23 14:33:30.147979,list index out of range,,
2018-02-23 14:33:30.148083,list index out of range,,
2018-02-23 14:33:30.148180,list index out of range,,
2018-02-23 14:33:30.148274,list index out of range,,
2018-02-23 14:33:30.148367,list index out of range,,
2018-02-23 14:33:30.148460,list index out of range,,
2018-02-23 14:33:30.148692,list index out of range,,
2018-02-23 14:33:30.148802,list index out of range,,
2018-02-23 14:33:30.148929,list index out of range,,
2018-02-23 14:33:30.149022,list index out of range,,
2018-02-23 14:33:30.149115,list index out of range,,
2018-02-23 14:33:30.149208,list index out of range,,
2018-02-23 14:33:30.149300,list index out of range,,
2018-02-23 14:33:30.149392,list index out of range,,
2018-02-23 14:33:30.149484,list index out of range,,
2018-02-23 14:33:30.149644,list index out of range,,
2018-02-23 14:33:30.149741,list index out of range,,
2018-02-23 14:33:30.149834,list index out of range,,
2018-02-23 14:33:30.149928,list index out of range,,
2018-02-23 14:33:30.150021,list index out of range,,
2018-02-23 14:33:30.150114,list index out of range,,
2018-02-23 14:33:30.150207,list index out of range,,
2018-02-23 14:33:30.150300,list index out of range,,
2018-02-23 14:33:30.150393,list index out of range,,
2018-02-23 14:33:30.150486,list index out of range,,
2018-02-23 14:33:30.150645,list index out of range,,
2018-02-23 14:33:30.150742,list index out of range,,
2018-02-23 14:33:30.150835,list index out of range,,
2018-02-23 14:33:30.150928,list index out of range,,
2018-02-23 14:33:30.151022,list index out of range,,
2018-02-23 14:33:30.151115,list index out of range,,
2018-02-23 14:33:30.151209,list index out of range,,
2018-02-23 14:33:30.151302,list index out of range,,
2018-02-23 14:33:30.151395,list index out of range,,
2018-02-23 14:33:30.151488,list index out of range,,
2018-02-23 14:33:30.151645,list index out of range,,
2018-02-23 14:33:30.151741,list index out of range,,
2018-02-23 14:33:30.151835,list index out of range,,
2018-02-23 14:33:30.151927,list index out of range,,
2018-02-23 14:33:30.152019,list index out of range,,
2018-02-23 14:33:30.152113,list index out of range,,
2018-02-23 14:33:30.152206,list index out of range,,
2018-02-23 14:33:30.152300,list index out of range,,
2018-02-23 14:33:30.152394,list index out of range,,
2018-02-23 14:33:30.152486,list index out of range,,
2018-02-23 14:33:30.152681,list index out of range,,
2018-02-23 14:33:30.152781,list index out of range,,
2018-02-23 14:33:30.152875,list index out of range,,
2018-02-23 14:33:30.152967,list index out of range,,
2018-02-23 14:33:30.153060,list index out of range,,
2018-02-23 14:33:30.153153,list index out of range,,
2018-02-23 14:33:30.153244,list index out of range,,
2018-02-23 14:33:30.153337,list index out of range,,
2018-02-23 14:33:30.153429,list index out of range,,
2018-02-23 14:33:30.153565,list index out of range,,
2018-02-23 14:33:30.153685,list index out of range,,
2018-02-23 14:33:30.153778,list index out of range,,
2018-02-23 14:33:30.153872,list index out of range,,
2018-02-23 14:33:30.153965,list index out of range,,
2018-02-23 14:33:30.154058,list index out of range,,
2018-02-23 14:33:30.154152,list index out of range,,
2018-02-23 14:33:30.154246,list index out of range,,
2018-02-23 14:33:30.154338,list index out of range,,
2018-02-23 14:33:30.154571,list index out of range,,
2018-02-23 14:33:30.154705,list index out of range,,
2018-02-23 14:33:30.154802,list index out of range,,
2018-02-23 14:33:30.154895,list index out of range,,
2018-02-23 14:33:30.154988,list index out of range,,
2018-02-23 14:33:30.155100,list index out of range,,
2018-02-23 14:33:30.155194,list index out of range,,
2018-02-23 14:33:30.155286,list index out of range,,
2018-02-23 14:33:30.155379,list index out of range,,
2018-02-23 14:33:30.155471,list index out of range,,
2018-02-23 14:33:30.155619,list index out of range,,
2018-02-23 14:33:30.155724,list index out of range,,
2018-02-23 14:33:30.155817,list index out of range,,
2018-02-23 14:33:30.155910,list index out of range,,
2018-02-23 14:33:30.156002,list index out of range,,
2018-02-23 14:33:30.156094,list index out of range,,
2018-02-23 14:33:30.156186,list index out of range,,
2018-02-23 14:33:30.156278,list index out of range,,
2018-02-23 14:33:30.156370,list index out of range,,
2018-02-23 14:33:30.156462,list index out of range,,
2018-02-23 14:33:30.156642,list index out of range,,
2018-02-23 14:33:30.156758,list index out of range,,
2018-02-23 14:33:30.156853,list index out of range,,
2018-02-23 14:33:30.156946,list index out of range,,
2018-02-23 14:33:30.157039,list index out of range,,
2018-02-23 14:33:30.157132,list index out of range,,
2018-02-23 14:33:30.157225,list index out of range,,
2018-02-23 14:33:30.157318,list index out of range,,
2018-02-23 14:33:30.157410,list index out of range,,
2018-02-23 14:33:30.157503,list index out of range,,
2018-02-23 14:33:30.157727,list index out of range,,
2018-02-23 14:33:30.157834,list index out of range,,
2018-02-23 14:33:30.157928,list index out of range,,
2018-02-23 14:33:30.158022,list index out of range,,
2018-02-23 14:33:30.158119,list index out of range,,
2018-02-23 14:33:30.158213,list index out of range,,
2018-02-23 14:33:30.158407,list index out of range,,
2018-02-23 14:33:30.158549,list index out of range,,
2018-02-23 14:33:30.158876,list index out of range,,
2018-02-23 14:33:30.158998,list index out of range,,
2018-02-23 14:33:30.159095,list index out of range,,
2018-02-23 14:33:30.159191,list index out of range,,
2018-02-23 14:33:30.159287,list index out of range,,
2018-02-23 14:33:30.159380,list index out of range,,
2018-02-23 14:33:30.159474,list index out of range,,
2018-02-23 14:33:30.159694,list index out of range,,
2018-02-23 14:33:30.159814,list index out of range,,
2018-02-23 14:33:30.159912,list index out of range,,
2018-02-23 14:33:30.160006,list index out of range,,
2018-02-23 14:33:30.160100,list index out of range,,
2018-02-23 14:33:30.160193,list index out of range,,
2018-02-23 14:33:30.160286,list index out of range,,
2018-02-23 14:33:30.160379,list index out of range,,
2018-02-23 14:33:30.160473,list index out of range,,
2018-02-23 14:33:30.160687,list index out of range,,
2018-02-23 14:33:30.160915,list index out of range,,
2018-02-23 14:33:30.161031,list index out of range,,
2018-02-23 14:33:30.161126,list index out of range,,
2018-02-23 14:33:30.161220,list index out of range,,
2018-02-23 14:33:30.161314,list index out of range,,
2018-02-23 14:33:30.161407,list index out of range,,
2018-02-23 14:33:30.161500,list index out of range,,
2018-02-23 14:33:30.161655,list index out of range,,
2018-02-23 14:33:30.161758,list index out of range,,
2018-02-23 14:33:30.161854,list index out of range,,
2018-02-23 14:33:30.161948,list index out of range,,
2018-02-23 14:33:30.162042,list index out of range,,
2018-02-23 14:33:30.162135,list index out of range,,
2018-02-23 14:33:30.162228,list index out of range,,
2018-02-23 14:33:30.162321,list index out of range,,
2018-02-23 14:33:30.162414,list index out of range,,
2018-02-23 14:33:30.162507,list index out of range,,
2018-02-23 14:33:30.162844,list index out of range,,
2018-02-23 14:33:30.162997,list index out of range,,
2018-02-23 14:33:30.163107,list index out of range,,
2018-02-23 14:33:30.163208,list index out of range,,
2018-02-23 14:33:30.163305,list index out of range,,
2018-02-23 14:33:30.163401,list index out of range,,
2018-02-23 14:33:30.163500,list index out of range,,
2018-02-23 14:33:30.163802,list index out of range,,
2018-02-23 14:33:30.163901,list index out of range,,
2018-02-23 14:33:30.163999,list index out of range,,
2018-02-23 14:33:30.164094,list index out of range,,
2018-02-23 14:33:30.164212,list index out of range,,
2018-02-23 14:33:30.164311,list index out of range,,
2018-02-23 14:33:30.164408,list index out of range,,
2018-02-23 14:33:30.164706,list index out of range,,
2018-02-23 14:33:30.165041,list index out of range,,
2018-02-23 14:33:30.165167,list index out of range,,
2018-02-23 14:33:30.165264,list index out of range,,
2018-02-23 14:33:30.165359,list index out of range,,
2018-02-23 14:33:30.165453,list index out of range,,
2018-02-23 14:33:30.165830,list index out of range,,
2018-02-23 14:33:30.166032,list index out of range,,
2018-02-23 14:33:30.166198,list index out of range,,
2018-02-23 14:33:30.166341,list index out of range,,
2018-02-23 14:33:30.166441,list index out of range,,
2018-02-23 14:33:30.166604,list index out of range,,
2018-02-23 14:33:30.166727,list index out of range,,
2018-02-23 14:33:30.166864,list index out of range,,
2018-02-23 14:33:30.166968,list index out of range,,
2018-02-23 14:33:30.167062,list index out of range,,
2018-02-23 14:33:30.167156,list index out of range,,
2018-02-23 14:33:30.167262,list index out of range,,
2018-02-23 14:33:30.167806,list index out of range,,
2018-02-23 14:33:30.168414,list index out of range,,
2018-02-23 14:33:30.168837,list index out of range,,
2018-02-23 14:33:30.169099,list index out of range,,
2018-02-23 14:33:30.169221,list index out of range,,
2018-02-23 14:33:30.169326,list index out of range,,
2018-02-23 14:33:30.169424,list index out of range,,
2018-02-23 14:33:30.169519,list index out of range,,
2018-02-23 14:33:30.169692,list index out of range,,
2018-02-23 14:33:30.169760,list index out of range,,
2018-02-23 14:33:30.169820,list index out of range,,
2018-02-23 14:33:30.169878,list index out of range,,
2018-02-23 14:33:30.169936,list index out of range,,
2018-02-23 14:33:30.169995,list index out of range,,
2018-02-23 14:33:30.170054,list index out of range,,
2018-02-23 14:33:30.170113,list index out of range,,
2018-02-23 14:33:30.170171,list index out of range,,
2018-02-23 14:33:30.170229,list index out of range,,
2018-02-23 14:33:30.170288,list index out of range,,
2018-02-23 14:33:30.170346,list index out of range,,
2018-02-23 14:33:30.170405,list index out of range,,
2018-02-23 14:33:30.170462,list index out of range,,
2018-02-23 14:33:30.170520,list index out of range,,
2018-02-23 14:33:30.170619,list index out of range,,
2018-02-23 14:33:30.170685,list index out of range,,
2018-02-23 14:33:30.170743,list index out of range,,
2018-02-23 14:33:30.170802,list index out of range,,
2018-02-23 14:33:30.170860,list index out of range,,
2018-02-23 14:33:30.170919,list index out of range,,
2018-02-23 14:33:30.170977,list index out of range,,
2018-02-23 14:33:30.171035,list index out of range,,
2018-02-23 14:33:30.171093,list index out of range,,
2018-02-23 14:33:30.171152,list index out of range,,
2018-02-23 14:33:30.171210,list index out of range,,
2018-02-23 14:33:30.171267,list index out of range,,
2018-02-23 14:33:30.171325,list index out of range,,
2018-02-23 14:33:30.171383,list index out of range,,
2018-02-23 14:33:30.171441,list index out of range,,
2018-02-23 14:33:30.171498,list index out of range,,
2018-02-23 14:33:30.171586,list index out of range,,
2018-02-23 14:33:30.171659,list index out of range,,
2018-02-23 14:33:30.171718,list index out of range,,
2018-02-23 14:33:30.171779,list index out of range,,
2018-02-23 14:33:30.171837,list index out of range,,
2018-02-23 14:33:30.171895,list index out of range,,
2018-02-23 14:33:30.171953,list index out of range,,
2018-02-23 14:33:30.172011,list index out of range,,
2018-02-23 14:33:30.172069,list index out of range,,
2018-02-23 14:33:30.172127,list index out of range,,
2018-02-23 14:33:30.172185,list index out of range,,
2018-02-23 14:33:30.172243,list index out of range,,
2018-02-23 14:33:30.172301,list index out of range,,
2018-02-23 14:33:30.172359,list index out of range,,
2018-02-23 14:33:30.172417,list index out of range,,
2018-02-23 14:33:30.172475,list index out of range,,
2018-02-23 14:33:30.172534,list index out of range,,
2018-02-23 14:33:30.172745,list index out of range,,
2018-02-23 14:33:30.172811,list index out of range,,
2018-02-23 14:33:30.172870,list index out of range,,
2018-02-23 14:33:30.172928,list index out of range,,
2018-02-23 14:33:30.172987,list index out of range,,
2018-02-23 14:33:30.173045,list index out of range,,
2018-02-23 14:33:30.173103,list index out of range,,
2018-02-23 14:33:30.173161,list index out of range,,
2018-02-23 14:33:30.173218,list index out of range,,
2018-02-23 14:33:30.173276,list index out of range,,
2018-02-23 14:33:30.173334,list index out of range,,
2018-02-23 14:33:30.173393,list index out of range,,
2018-02-23 14:33:30.173452,list index out of range,,
2018-02-23 14:33:30.173511,list index out of range,,
2018-02-23 14:33:30.173618,list index out of range,,
2018-02-23 14:33:30.173691,list index out of range,,
2018-02-23 14:33:30.173750,list index out of range,,
2018-02-23 14:33:30.173808,list index out of range,,
2018-02-23 14:33:30.173866,list index out of range,,
2018-02-23 14:33:30.173924,list index out of range,,
2018-02-23 14:33:30.173982,list index out of range,,
2018-02-23 14:33:30.174040,list index out of range,,
2018-02-23 14:33:30.174098,list index out of range,,
2018-02-23 14:33:30.174156,list index out of range,,
2018-02-23 14:33:30.174214,list index out of range,,
2018-02-23 14:33:30.174271,list index out of range,,
2018-02-23 14:33:30.174329,list index out of range,,
2018-02-23 14:33:30.174387,list index out of range,,
2018-02-23 14:33:30.174445,list index out of range,,
2018-02-23 14:33:30.174503,list index out of range,,
2018-02-23 14:33:30.174588,list index out of range,,
2018-02-23 14:33:30.174664,list index out of range,,
2018-02-23 14:33:30.174723,list index out of range,,
2018-02-23 14:33:30.174781,list index out of range,,
2018-02-23 14:33:30.174839,list index out of range,,
2018-02-23 14:33:30.174896,list index out of range,,
2018-02-23 14:33:30.174954,list index out of range,,
2018-02-23 14:33:30.175012,list index out of range,,
2018-02-23 14:33:30.175070,list index out of range,,
2018-02-23 14:33:30.175127,list index out of range,,
2018-02-23 14:33:30.175185,list index out of range,,
2018-02-23 14:33:30.175243,list index out of range,,
2018-02-23 14:33:30.175301,list index out of range,,
2018-02-23 14:33:30.175359,list index out of range,,
2018-02-23 14:33:30.175416,list index out of range,,
2018-02-23 14:33:30.175474,list index out of range,,
2018-02-23 14:33:30.175532,list index out of range,,
2018-02-23 14:33:30.175639,list index out of range,,
2018-02-23 14:33:30.175707,list index out of range,,
2018-02-23 14:33:30.175766,list index out of range,,
2018-02-23 14:33:30.175822,list index out of range,,
2018-02-23 14:33:30.175880,list index out of range,,
2018-02-23 14:33:30.175938,list index out of range,,
2018-02-23 14:33:30.175997,list index out of range,,
2018-02-23 14:33:30.176054,list index out of range,,
2018-02-23 14:33:30.176111,list index out of range,,
2018-02-23 14:33:30.176169,list index out of range,,
2018-02-23 14:33:30.176226,list index out of range,,
2018-02-23 14:33:30.176283,list index out of range,,
2018-02-23 14:33:30.176340,list index out of range,,
2018-02-23 14:33:30.176396,list index out of range,,
2018-02-23 14:33:30.176454,list index out of range,,
2018-02-23 14:33:30.176510,list index out of range,,
2018-02-23 14:33:30.176633,list index out of range,,
2018-02-23 14:33:30.176714,list index out of range,,
2018-02-23 14:33:30.176773,list index out of range,,
2018-02-23 14:33:30.176831,list index out of range,,
2018-02-23 14:33:30.176889,list index out of range,,
2018-02-23 14:33:30.176946,list index out of range,,
2018-02-23 14:33:30.177004,list index out of range,,
2018-02-23 14:33:30.177061,list index out of range,,
2018-02-23 14:33:30.177119,list index out of range,,
2018-02-23 14:33:30.177176,list index out of range,,
2018-02-23 14:33:30.177234,list index out of range,,
2018-02-23 14:33:30.177291,list index out of range,,
2018-02-23 14:33:30.177349,list index out of range,,
2018-02-23 14:33:30.177407,list index out of range,,
2018-02-23 14:33:30.177544,list index out of range,,
2018-02-23 14:33:30.177651,list index out of range,,
2018-02-23 14:33:30.177712,list index out of range,,
2018-02-23 14:33:30.177770,list index out of range,,
2018-02-23 14:33:30.177827,list index out of range,,
2018-02-23 14:33:30.177885,list index out of range,,
2018-02-23 14:33:30.177975,list index out of range,,
2018-02-23 14:33:30.178033,list index out of range,,
2018-02-23 14:33:30.178091,list index out of range,,
2018-02-23 14:33:30.178149,list index out of range,,
2018-02-23 14:33:30.178206,list index out of range,,
2018-02-23 14:33:30.178264,list index out of range,,
2018-02-23 14:33:30.178321,list index out of range,,
2018-02-23 14:33:30.178379,list index out of range,,
2018-02-23 14:33:30.178437,list index out of range,,
2018-02-23 14:33:30.178495,list index out of range,,
2018-02-23 14:33:30.178552,list index out of range,,
2018-02-23 14:33:30.178825,list index out of range,,
2018-02-23 14:33:30.178987,list index out of range,,
2018-02-23 14:33:30.179109,list index out of range,,
2018-02-23 14:33:30.179181,list index out of range,,
2018-02-23 14:33:30.179244,list index out of range,,
2018-02-23 14:33:30.179304,list index out of range,,
2018-02-23 14:33:30.179364,list index out of range,,
2018-02-23 14:33:30.179424,list index out of range,,
2018-02-23 14:33:30.179484,list index out of range,,
2018-02-23 14:33:30.179584,list index out of range,,
2018-02-23 14:33:30.179795,list index out of range,,
2018-02-23 14:33:30.179945,list index out of range,,
2018-02-23 14:33:30.180019,list index out of range,,
2018-02-23 14:33:30.180080,list index out of range,,
2018-02-23 14:33:30.180337,list index out of range,,
2018-02-23 14:33:30.180406,list index out of range,,
2018-02-23 14:33:30.180465,list index out of range,,
2018-02-23 14:33:30.180524,list index out of range,,
2018-02-23 14:33:30.180779,list index out of range,,
2018-02-23 14:33:30.180929,list index out of range,,
2018-02-23 14:33:30.181088,list index out of range,,
2018-02-23 14:33:30.181252,list index out of range,,
2018-02-23 14:33:30.181394,list index out of range,,
2018-02-23 14:33:30.181569,list index out of range,,
2018-02-23 14:33:30.181738,list index out of range,,
2018-02-23 14:33:30.181854,list index out of range,,
2018-02-23 14:33:30.181966,list index out of range,,
2018-02-23 14:33:30.182079,list index out of range,,
2018-02-23 14:33:30.182189,list index out of range,,
2018-02-23 14:33:30.182300,list index out of range,,
2018-02-23 14:33:30.182410,list index out of range,,
2018-02-23 14:33:30.182519,list index out of range,,
2018-02-23 14:33:30.182655,list index out of range,,
2018-02-23 14:33:30.182775,list index out of range,,
2018-02-23 14:33:30.182889,list index out of range,,
2018-02-23 14:33:30.182998,list index out of range,,
2018-02-23 14:33:30.183100,list index out of range,,
2018-02-23 14:33:30.183198,list index out of range,,
2018-02-23 14:33:30.183308,list index out of range,,
2018-02-23 14:33:30.183422,list index out of range,,
2018-02-23 14:33:30.183537,list index out of range,,
2018-02-23 14:33:30.183702,list index out of range,,
2018-02-23 14:33:30.183825,list index out of range,,
2018-02-23 14:33:30.183941,list index out of range,,
2018-02-23 14:33:30.184054,list index out of range,,
2018-02-23 14:33:30.184165,list index out of range,,
2018-02-23 14:33:30.184278,list index out of range,,
2018-02-23 14:33:30.184389,list index out of range,,
2018-02-23 14:33:30.184497,list index out of range,,
2018-02-23 14:33:30.184675,list index out of range,,
2018-02-23 14:33:30.184803,list index out of range,,
2018-02-23 14:33:30.184915,list index out of range,,
2018-02-23 14:33:30.185030,list index out of range,,
2018-02-23 14:33:30.185132,list index out of range,,
2018-02-23 14:33:30.185230,list index out of range,,
2018-02-23 14:33:30.185338,list index out of range,,
2018-02-23 14:33:30.185446,list index out of range,,
2018-02-23 14:33:30.185557,list index out of range,,
2018-02-23 14:33:30.185756,list index out of range,,
2018-02-23 14:33:30.185851,list index out of range,,
2018-02-23 14:33:30.185936,list index out of range,,
2018-02-23 14:33:30.186001,list index out of range,,
2018-02-23 14:33:30.186064,list index out of range,,
2018-02-23 14:33:30.186125,list index out of range,,
2018-02-23 14:33:30.186185,list index out of range,,
2018-02-23 14:33:30.186245,list index out of range,,
2018-02-23 14:33:30.186305,list index out of range,,
2018-02-23 14:33:30.186367,list index out of range,,
2018-02-23 14:33:30.186428,list index out of range,,
2018-02-23 14:33:30.186488,list index out of range,,
2018-02-23 14:33:30.186548,list index out of range,,
2018-02-23 14:33:30.186725,list index out of range,,
2018-02-23 14:33:30.186830,list index out of range,,
2018-02-23 14:33:30.186901,list index out of range,,
2018-02-23 14:33:30.186960,list index out of range,,
2018-02-23 14:33:30.187019,list index out of range,,
2018-02-23 14:33:30.187078,list index out of range,,
2018-02-23 14:33:30.187137,list index out of range,,
2018-02-23 14:33:30.187196,list index out of range,,
2018-02-23 14:33:30.187255,list index out of range,,
2018-02-23 14:33:30.187314,list index out of range,,
2018-02-23 14:33:30.187373,list index out of range,,
2018-02-23 14:33:30.187432,list index out of range,,
2018-02-23 14:33:30.187490,list index out of range,,
2018-02-23 14:33:30.187550,list index out of range,,
2018-02-23 14:33:30.187692,list index out of range,,
2018-02-23 14:33:30.187758,list index out of range,,
2018-02-23 14:33:30.187818,list index out of range,,
2018-02-23 14:33:30.187877,list index out of range,,
2018-02-23 14:33:30.187935,list index out of range,,
2018-02-23 14:33:30.187994,list index out of range,,
2018-02-23 14:33:30.188052,list index out of range,,
2018-02-23 14:33:30.188111,list index out of range,,
2018-02-23 14:33:30.188169,list index out of range,,
2018-02-23 14:33:30.188227,list index out of range,,
2018-02-23 14:33:30.188285,list index out of range,,
2018-02-23 14:33:30.188344,list index out of range,,
2018-02-23 14:33:30.188403,list index out of range,,
2018-02-23 14:33:30.188462,list index out of range,,
2018-02-23 14:33:30.188520,list index out of range,,
2018-02-23 14:33:30.188658,list index out of range,,
2018-02-23 14:33:30.188737,list index out of range,,
2018-02-23 14:33:30.188798,list index out of range,,
2018-02-23 14:33:30.188857,list index out of range,,
2018-02-23 14:33:30.188915,list index out of range,,
2018-02-23 14:33:30.188974,list index out of range,,
2018-02-23 14:33:30.189032,list index out of range,,
2018-02-23 14:33:30.189090,list index out of range,,
2018-02-23 14:33:30.189148,list index out of range,,
2018-02-23 14:33:30.189207,list index out of range,,
2018-02-23 14:33:30.189264,list index out of range,,
2018-02-23 14:33:30.189322,list index out of range,,
2018-02-23 14:33:30.189380,list index out of range,,
2018-02-23 14:33:30.189439,list index out of range,,
2018-02-23 14:33:30.189497,list index out of range,,
2018-02-23 14:33:30.189555,list index out of range,,
2018-02-23 14:33:30.189660,list index out of range,,
2018-02-23 14:33:30.189721,list index out of range,,
2018-02-23 14:33:30.189780,list index out of range,,
2018-02-23 14:33:30.189839,list index out of range,,
2018-02-23 14:33:30.189898,list index out of range,,
2018-02-23 14:33:30.189957,list index out of range,,
2018-02-23 14:33:30.190016,list index out of range,,
2018-02-23 14:33:30.190074,list index out of range,,
2018-02-23 14:33:30.190133,list index out of range,,
2018-02-23 14:33:30.190191,list index out of range,,
2018-02-23 14:33:30.190249,list index out of range,,
2018-02-23 14:33:30.190308,list index out of range,,
2018-02-23 14:33:30.190367,list index out of range,,
2018-02-23 14:33:30.190425,list index out of range,,
2018-02-23 14:33:30.190483,list index out of range,,
2018-02-23 14:33:30.190542,list index out of range,,
2018-02-23 14:33:30.190665,list index out of range,,
2018-02-23 14:33:30.190740,list index out of range,,
2018-02-23 14:33:30.190801,list index out of range,,
2018-02-23 14:33:30.190860,list index out of range,,
2018-02-23 14:33:30.190919,list index out of range,,
2018-02-23 14:33:30.190978,list index out of range,,
2018-02-23 14:33:30.191051,list index out of range,,
2018-02-23 14:33:30.191111,list index out of range,,
2018-02-23 14:33:30.191169,list index out of range,,
2018-02-23 14:33:30.191227,list index out of range,,
2018-02-23 14:33:30.191286,list index out of range,,
2018-02-23 14:33:30.191343,list index out of range,,
2018-02-23 14:33:30.191402,list index out of range,,
2018-02-23 14:33:30.191459,list index out of range,,
2018-02-23 14:33:30.191518,list index out of range,,
2018-02-23 14:33:30.191606,list index out of range,,
2018-02-23 14:33:30.191684,list index out of range,,
2018-02-23 14:33:30.191743,list index out of range,,
2018-02-23 14:33:30.191801,list index out of range,,
2018-02-23 14:33:30.191859,list index out of range,,
2018-02-23 14:33:30.191918,list index out of range,,
2018-02-23 14:33:30.191975,list index out of range,,
2018-02-23 14:33:30.192033,list index out of range,,
2018-02-23 14:33:30.192091,list index out of range,,
2018-02-23 14:33:30.192149,list index out of range,,
2018-02-23 14:33:30.192207,list index out of range,,
2018-02-23 14:33:30.192264,list index out of range,,
2018-02-23 14:33:30.192322,list index out of range,,
2018-02-23 14:33:30.192380,list index out of range,,
2018-02-23 14:33:30.192438,list index out of range,,
2018-02-23 14:33:30.192496,list index out of range,,
2018-02-23 14:33:30.192554,list index out of range,,
2018-02-23 14:33:30.192743,list index out of range,,
2018-02-23 14:33:30.192814,list index out of range,,
2018-02-23 14:33:30.192873,list index out of range,,
2018-02-23 14:33:30.192933,list index out of range,,
2018-02-23 14:33:30.192991,list index out of range,,
2018-02-23 14:33:30.193049,list index out of range,,
2018-02-23 14:33:30.193108,list index out of range,,
2018-02-23 14:33:30.193165,list index out of range,,
2018-02-23 14:33:30.193224,list index out of range,,
2018-02-23 14:33:30.193282,list index out of range,,
2018-02-23 14:33:30.193340,list index out of range,,
2018-02-23 14:33:30.193398,list index out of range,,
2018-02-23 14:33:30.193456,list index out of range,,
2018-02-23 14:33:30.193515,list index out of range,,
2018-02-23 14:33:30.193576,list index out of range,,
2018-02-23 14:33:30.193699,list index out of range,,
2018-02-23 14:33:30.193759,list index out of range,,
2018-02-23 14:33:30.193819,list index out of range,,
2018-02-23 14:33:30.193877,list index out of range,,
2018-02-23 14:33:30.193936,list index out of range,,
2018-02-23 14:33:30.193996,list index out of range,,
2018-02-23 14:33:30.194055,list index out of range,,
2018-02-23 14:33:30.194114,list index out of range,,
2018-02-23 14:33:30.194174,list index out of range,,
2018-02-23 14:33:30.194232,list index out of range,,
2018-02-23 14:33:30.194290,list index out of range,,
2018-02-23 14:33:30.194350,list index out of range,,
2018-02-23 14:33:30.194408,list index out of range,,
2018-02-23 14:33:30.194466,list index out of range,,
2018-02-23 14:33:30.194524,list index out of range,,
2018-02-23 14:33:30.194618,list index out of range,,
2018-02-23 14:33:30.194699,list index out of range,,
2018-02-23 14:33:30.194758,list index out of range,,
2018-02-23 14:33:30.194817,list index out of range,,
2018-02-23 14:33:30.194875,list index out of range,,
2018-02-23 14:33:30.194933,list index out of range,,
2018-02-23 14:33:30.194991,list index out of range,,
2018-02-23 14:33:30.195050,list index out of range,,
2018-02-23 14:33:30.195107,list index out of range,,
2018-02-23 14:33:30.195165,list index out of range,,
2018-02-23 14:33:30.195223,list index out of range,,
2018-02-23 14:33:30.195281,list index out of range,,
2018-02-23 14:33:30.195339,list index out of range,,
2018-02-23 14:33:30.195398,list index out of range,,
2018-02-23 14:33:30.195456,list index out of range,,
2018-02-23 14:33:30.195514,list index out of range,,
2018-02-23 14:33:30.195572,list index out of range,,
2018-02-23 14:33:30.195674,list index out of range,,
2018-02-23 14:33:30.195735,list index out of range,,
2018-02-23 14:33:30.195793,list index out of range,,
2018-02-23 14:33:30.195851,list index out of range,,
2018-02-23 14:33:30.195923,list index out of range,,
2018-02-23 14:33:30.195982,list index out of range,,
2018-02-23 14:33:30.196041,list index out of range,,
2018-02-23 14:33:30.196099,list index out of range,,
2018-02-23 14:33:30.196157,list index out of range,,
2018-02-23 14:33:30.196215,list index out of range,,
2018-02-23 14:33:30.196273,list index out of range,,
2018-02-23 14:33:30.196331,list index out of range,,
2018-02-23 14:33:30.196389,list index out of range,,
2018-02-23 14:33:30.196447,list index out of range,,
2018-02-23 14:33:30.196505,list index out of range,,
2018-02-23 14:33:30.196563,list index out of range,,
2018-02-23 14:33:30.196802,list index out of range,,
2018-02-23 14:33:30.196876,list index out of range,,
2018-02-23 14:33:30.196936,list index out of range,,
2018-02-23 14:33:30.197027,list index out of range,,
2018-02-23 14:33:30.197086,list index out of range,,
2018-02-23 14:33:30.197145,list index out of range,,
2018-02-23 14:33:30.197204,list index out of range,,
2018-02-23 14:33:30.197262,list index out of range,,
2018-02-23 14:33:30.197320,list index out of range,,
2018-02-23 14:33:30.197378,list index out of range,,
2018-02-23 14:33:30.197437,list index out of range,,
2018-02-23 14:33:30.197495,list index out of range,,
2018-02-23 14:33:30.197555,list index out of range,,
2018-02-23 14:33:30.197652,list index out of range,,
2018-02-23 14:33:30.197721,list index out of range,,
2018-02-23 14:33:30.197780,list index out of range,,
2018-02-23 14:33:30.197838,list index out of range,,
2018-02-23 14:33:30.197895,list index out of range,,
2018-02-23 14:33:30.197953,list index out of range,,
2018-02-23 14:33:30.198011,list index out of range,,
2018-02-23 14:33:30.198070,list index out of range,,
2018-02-23 14:33:30.198128,list index out of range,,
2018-02-23 14:33:30.198185,list index out of range,,
2018-02-23 14:33:30.198243,list index out of range,,
2018-02-23 14:33:30.198301,list index out of range,,
2018-02-23 14:33:30.198359,list index out of range,,
2018-02-23 14:33:30.198417,list index out of range,,
2018-02-23 14:33:30.198475,list index out of range,,
2018-02-23 14:33:30.198532,list index out of range,,
2018-02-23 14:33:30.198616,list index out of range,,
2018-02-23 14:33:30.198696,list index out of range,,
2018-02-23 14:33:30.198755,list index out of range,,
2018-02-23 14:33:30.198813,list index out of range,,
2018-02-23 14:33:30.198870,list index out of range,,
2018-02-23 14:33:30.198928,list index out of range,,
2018-02-23 14:33:30.198985,list index out of range,,
2018-02-23 14:33:30.199043,list index out of range,,
2018-02-23 14:33:30.199101,list index out of range,,
2018-02-23 14:33:30.199159,list index out of range,,
2018-02-23 14:33:30.199216,list index out of range,,
2018-02-23 14:33:30.199273,list index out of range,,
2018-02-23 14:33:30.199331,list index out of range,,
2018-02-23 14:33:30.199388,list index out of range,,
2018-02-23 14:33:30.199445,list index out of range,,
2018-02-23 14:33:30.199502,list index out of range,,
2018-02-23 14:33:30.199559,list index out of range,,
